TOTALMW_PEAKMW: 0.16634614550306454,
PEAKPR_PEAKMW_TOTALMW_AVGPR: 0.16810663986477403, 
PEAKPR_PEAKMW: 0.16526399857789958

